-5.000000
-4.850000
-4.700000
-4.550000
-4.400000
-4.250000
-4.100000
-3.950000
-3.800000
-3.650000
-3.500000
-3.350000
-3.200000
-3.050000
-2.900000
-2.750000
-2.600000
-2.450000
-2.300000
-2.150000
-2.000000
-1.850000
-1.700000
-1.550000
-1.400000
-1.250000
-1.100000
-0.950000
-0.800000
-0.650000
-0.500000
-0.350000
-0.200000
-0.050000
0.100000
0.250000
0.400000
0.550000
0.700000
0.850000
1.000000
1.150000
1.300000
1.450000
1.600000
1.750000
1.900000
2.050000
2.200000
2.350000
2.500000
2.650000
2.800000
2.950000
3.100000
3.250000
3.400000
3.550000
3.700000
3.850000
4.000000
4.150000
4.300000
4.450000
4.600000
4.750000
4.900000
5.000000
